a=48
b=80
c=1.02
d=1
e=0
g=121
h=36	
i=1.2	
j=107.61625	
k=3.60925	
l=15.4	
m=44	
n=7800	
o="yes"	
p="yes"	
q="no"	
r="good"	
s="no"
for 1 output

a=64
b=60
c=1.02
d=0
e=0
g=106
h=27	
i=0.7	
j=150	
k=3.3	
l=14.4	
m=42	
n=8100	
o="no"	
p="no"	
q="no"	
r="good"	
s="no"


					27	0.7	150	3.3	14.4	42	8100	no	no	no	good	no	0
